1000
id dele:3
num 0
id dele:1
num 0
id dele:2
num 0
id dele:4
num 0
id dele:5
num 0
id dele:6
num 0
id dele:7
num 0
id dele:8
num 0
id dele:9
num 0
id dele:10
num 0
id dele:11
num 0
id dele:13
num 0
id dele:12
num 0
id dele:14
num 0
id dele:0
num 0
id dele:15
num 0
Bucket 0, com size 87: 115 11 62 67 21 119 91 62 46 14 117 89 40 81 106 29 28 29 37 4 43 40 69 4 61 36 71 13 18 9 55 22 30 25 4 55 104 42 36 90 103 60 60 50 2 3 47 92 29 49 100 42 81 14 12 41 56 17 73 78 98 18 57 44 91 82 110 91 18 36 33 40 30 4 103 107 108 0 67 106 109 85 114 88 53 110 98 38 0 1759998196 0 1963458592 1852143205 116 134217728 18187 0 1905639739 0 1761869856 1818588270 1953722463 6648929 18552 0 2084586514 0 1828978720 1869767529 1701080931 67108864 41 0 2147483647 0 1879572512 1702061426 29806 134217728 
Bucket 1, com size 119: 136 182 193 211 196 129 188 168 139 226 186 201 127 186 224 168 218 121 164 227 232 121 193 218 163 206 172 228 120 130 133 196 159 156 212 148 172 121 199 211 228 209 136 132 176 142 126 202 133 133 197 190 129 239 138 134 143 149 167 140 225 234 124 152 193 169 189 166 129 238 157 217 151 137 140 125 202 231 177 155 193 143 179 204 206 195 239 236 172 234 150 154 135 165 176 189 178 138 122 150 213 215 195 154 182 130 183 220 237 122 183 177 166 217 168 200 197 127 221 
Bucket 2, com size 90: 249 290 329 258 269 356 273 284 327 257 251 356 241 275 309 256 328 303 270 340 323 241 350 288 317 270 299 305 340 244 308 282 299 295 284 342 336 307 342 350 355 248 357 321 281 309 286 355 279 259 357 300 259 247 262 282 257 315 316 316 338 305 317 332 294 337 261 273 285 320 318 342 263 347 282 257 253 298 252 359 281 347 322 297 286 355 297 288 308 283 0 0 0 0 0 0 0 0 0 0 0 0 0 0 0 0 0 0 0 0 0 0 0 0 0 0 0 0 0 
Bucket 3, com size 102: 362 427 429 442 398 413 408 384 476 412 471 419 446 437 458 428 418 390 464 422 368 405 478 458 462 468 379 459 410 419 467 384 424 372 422 450 367 361 421 468 472 408 367 368 428 427 371 388 429 360 423 390 368 378 431 457 414 410 417 405 458 473 437 471 425 394 373 412 407 414 405 422 374 377 451 477 381 360 411 379 447 432 440 462 418 371 389 450 381 415 460 411 390 439 443 408 398 466 478 472 445 412 0 0 0 0 0 0 0 0 0 0 0 0 0 0 0 0 0 
Bucket 4, com size 111: 583 593 586 492 563 540 567 567 573 584 481 525 567 497 492 517 567 508 549 514 587 543 551 543 524 543 539 554 586 482 555 543 522 524 579 573 573 540 490 576 501 596 481 585 499 590 590 544 498 553 546 500 588 497 486 500 559 504 564 596 586 594 546 512 484 545 514 588 481 590 557 574 596 580 579 576 559 544 527 568 518 526 575 519 525 563 504 503 570 584 483 598 524 483 523 534 591 498 506 509 481 590 481 581 496 582 528 576 584 554 597 0 0 0 0 0 0 0 0 
Bucket 5, com size 102: 705 603 660 652 680 686 683 651 688 700 656 717 611 622 610 601 665 616 600 668 681 645 606 704 658 650 640 698 713 698 613 708 653 614 704 643 615 626 632 717 677 690 700 647 651 674 620 633 688 606 649 607 693 670 622 692 654 604 621 685 699 711 618 711 605 693 614 617 635 710 605 626 698 662 641 621 669 701 684 616 709 675 657 603 687 604 697 621 666 676 690 621 657 627 651 639 610 690 657 641 605 628 0 0 0 0 0 0 0 0 0 0 0 0 0 0 0 0 0 
Bucket 6, com size 99: 777 772 822 770 764 799 732 795 778 729 831 753 755 779 793 736 729 776 725 837 824 731 799 739 740 720 819 794 779 779 793 805 821 802 729 752 796 775 788 794 828 739 829 777 838 743 744 790 741 761 826 758 726 755 783 818 833 763 831 831 830 836 760 734 830 762 746 743 728 817 763 755 796 827 747 759 806 720 810 823 787 833 782 825 832 799 762 732 763 725 818 737 815 726 799 777 795 774 725 0 0 0 0 0 0 0 0 0 0 0 0 0 0 0 0 0 0 0 0 
Bucket 7, com size 93: 886 859 856 937 905 913 924 945 843 950 876 894 902 901 844 897 932 924 891 875 938 904 890 844 942 899 946 911 930 905 899 926 866 884 887 913 921 905 869 884 892 872 842 924 873 903 848 954 846 892 902 897 935 927 882 857 916 890 918 883 939 849 891 930 885 850 949 865 932 921 872 914 859 843 954 939 932 920 892 951 908 882 916 928 869 871 952 931 887 899 952 928 955 0 0 0 0 0 0 0 0 0 0 0 0 0 0 0 0 0 0 0 0 0 0 0 0 0 0 
Bucket 8, com size 91: 1021 1026 968 1002 1029 980 1034 970 1034 1067 1065 1019 971 965 1019 996 1045 1028 1034 964 1059 1007 1074 1035 1011 1013 969 996 983 997 1026 1052 1060 963 972 981 1060 1059 1049 1033 963 1036 995 969 1061 1005 970 1027 987 970 1060 1037 1074 1039 991 1021 1062 963 975 993 982 1053 1074 973 1055 1058 971 1068 967 996 1070 1030 973 1035 1078 1048 1072 997 1024 1053 1026 1031 979 1054 1057 976 977 987 960 1025 970 0 0 0 0 0 0 0 0 0 0 0 0 0 0 0 0 0 0 0 0 0 0 0 0 0 0 0 0 
Bucket 9, com size 106: 1135 1126 1130 1123 1135 1124 1115 1170 1126 1136 1095 1182 1087 1178 1154 1139 1097 1115 1165 1195 1128 1128 1107 1148 1136 1150 1094 1181 1190 1136 1187 1127 1169 1084 1154 1106 1184 1128 1189 1158 1125 1148 1156 1099 1151 1085 1135 1089 1092 1167 1112 1146 1129 1090 1080 1112 1138 1089 1158 1099 1169 1121 1091 1147 1081 1170 1136 1104 1083 1150 1189 1086 1113 1088 1153 1090 1189 1122 1086 1159 1124 1122 1171 1133 1128 1176 1115 1114 1131 1094 1181 1134 1083 1085 1092 1125 1128 1136 1110 1150 1149 1193 1135 1176 1193 1182 0 0 0 0 0 0 0 0 0 0 0 0 0 
Ordenado: 115>11>62>67>21>119>91>62>46>14>117>89>40>81>106>29>28>29>37>4>43>40>69>4>61>36>71>13>18>9>55>22>30>25>4>55>104>42>36>90>103>60>60>50>2>3>47>92>29>49>100>42>81>14>12>41>56>17>73>78>98>18>57>44>91>82>110>91>18>36>33>40>30>4>103>107>108>0>67>106>109>85>114>88>53>110>98>136>182>193>211>196>129>188>168>139>226>186>201>127>186>224>168>218>121>164>227>232>121>193>218>163>206>172>228>120>130>133>196>159>156>212>148>172>121>199>211>228>209>136>132>176>142>126>202>133>133>197>190>129>239>138>134>143>149>167>140>225>234>124>152>193>169>189>166>129>238>157>217>151>137>140>125>202>231>177>155>193>143>179>204>206>195>239>236>172>234>150>154>135>165>176>189>178>138>122>150>213>215>195>154>182>130>183>220>237>122>183>177>166>217>168>200>197>127>221>249>290>329>258>269>356>273>284>327>257>251>356>241>275>309>256>328>303>270>340>323>241>350>288>317>270>299>305>340>244>308>282>299>295>284>342>336>307>342>350>355>248>357>321>281>309>286>355>279>259>357>300>259>247>262>282>257>315>316>316>338>305>317>332>294>337>261>273>285>320>318>342>263>347>282>257>253>298>252>359>281>347>322>297>286>355>297>288>308>283>362>427>429>442>398>413>408>384>476>412>471>419>446>437>458>428>418>390>464>422>368>405>478>458>462>468>379>459>410>419>467>384>424>372>422>450>367>361>421>468>472>408>367>368>428>427>371>388>429>360>423>390>368>378>431>457>414>410>417>405>458>473>437>471>425>394>373>412>407>414>405>422>374>377>451>477>381>360>411>379>447>432>440>462>418>371>389>450>381>415>460>411>390>439>443>408>398>466>478>472>445>412>583>593>586>492>563>540>567>567>573>584>481>525>567>497>492>517>567>508>549>514>587>543>551>543>524>543>539>554>586>482>555>543>522>524>579>573>573>540>490>576>501>596>481>585>499>590>590>544>498>553>546>500>588>497>486>500>559>504>564>596>586>594>546>512>484>545>514>588>481>590>557>574>596>580>579>576>559>544>527>568>518>526>575>519>525>563>504>503>570>584>483>598>524>483>523>534>591>498>506>509>481>590>481>581>496>582>528>576>584>554>597>705>603>660>652>680>686>683>651>688>700>656>717>611>622>610>601>665>616>600>668>681>645>606>704>658>650>640>698>713>698>613>708>653>614>704>643>615>626>632>717>677>690>700>647>651>674>620>633>688>606>649>607>693>670>622>692>654>604>621>685>699>711>618>711>605>693>614>617>635>710>605>626>698>662>641>621>669>701>684>616>709>675>657>603>687>604>697>621>666>676>690>621>657>627>651>639>610>690>657>641>605>628>777>772>822>770>764>799>732>795>778>729>831>753>755>779>793>736>729>776>725>837>824>731>799>739>740>720>819>794>779>779>793>805>821>802>729>752>796>775>788>794>828>739>829>777>838>743>744>790>741>761>826>758>726>755>783>818>833>763>831>831>830>836>760>734>830>762>746>743>728>817>763>755>796>827>747>759>806>720>810>823>787>833>782>825>832>799>762>732>763>725>818>737>815>726>799>777>795>774>725>886>859>856>937>905>913>924>945>843>950>876>894>902>901>844>897>932>924>891>875>938>904>890>844>942>899>946>911>930>905>899>926>866>884>887>913>921>905>869>884>892>872>842>924>873>903>848>954>846>892>902>897>935>927>882>857>916>890>918>883>939>849>891>930>885>850>949>865>932>921>872>914>859>843>954>939>932>920>892>951>908>882>916>928>869>871>952>931>887>899>952>928>955>1021>1026>968>1002>1029>980>1034>970>1034>1067>1065>1019>971>965>1019>996>1045>1028>1034>964>1059>1007>1074>1035>1011>1013>969>996>983>997>1026>1052>1060>963>972>981>1060>1059>1049>1033>963>1036>995>969>1061>1005>970>1027>987>970>1060>1037>1074>1039>991>1021>1062>963>975>993>982>1053>1074>973>1055>1058>971>1068>967>996>1070>1030>973>1035>1078>1048>1072>997>1024>1053>1026>1031>979>1054>1057>976>977>987>960>1025>970>1135>1126>1130>1123>1135>1124>1115>1170>1126>1136>1095>1182>1087>1178>1154>1139>1097>1115>1165>1195>1128>1128>1107>1148>1136>1150>1094>1181>1190>1136>1187>1127>1169>1084>1154>1106>1184>1128>1189>1158>1125>1148>1156>1099>1151>1085>1135>1089>1092>1167>1112>1146>1129>1090>1080>1112>1138>1089>1158>1099>1169>1121>1091>1147>1081>1170>1136>1104>1083>1150>1189>1086>1113>1088>1153>1090>1189>1122>1086>1159>1124>1122>1171>1133>1128>1176>1115>1114>1131>1094>1181>1134>1083>1085>1092>1125>1128>1136>1110>1150>1149>1193>1135>1176>1193>1182>
Elapsed Time: 0.002973