1000
id dele:4
num 2
id dele:1
num 2
id dele:0
num 2
id dele:2
num 2
id dele:3
num 2
Bucket 0, com size 87: 0 2 3 4 4 4 4 9 11 12 13 14 14 17 18 18 18 21 22 25 28 29 29 29 30 30 33 36 36 36 37 40 40 40 41 42 42 43 44 46 47 49 50 53 55 55 56 57 60 60 61 62 62 67 67 69 71 73 78 81 81 82 85 88 89 90 91 91 91 92 98 98 100 103 103 104 106 106 107 108 109 110 110 114 115 117 119 38 0 1759998196 0 1963458592 1852143205 116 134217728 18187 0 1905639739 0 1761869856 1818588270 1953722463 6648929 18552 0 2084586514 0 1828978720 1869767529 1701080931 67108864 41 0 2147483647 0 1879572512 1702061426 29806 134217728 
Bucket 1, com size 119: 120 121 121 121 122 122 124 125 126 127 127 129 129 129 130 130 132 133 133 133 134 135 136 136 137 138 138 139 140 140 142 143 143 148 149 150 150 151 152 154 154 155 156 157 159 163 164 165 166 166 167 168 168 168 169 172 172 172 176 176 177 177 178 179 182 182 183 183 186 186 188 189 189 190 193 193 193 193 195 195 196 196 197 197 199 200 201 202 202 204 206 206 209 211 211 212 213 215 217 217 218 218 220 221 224 225 226 227 228 228 231 232 234 234 236 237 238 239 239 
Bucket 2, com size 90: 241 241 244 247 248 249 251 252 253 256 257 257 257 258 259 259 261 262 263 269 270 270 273 273 275 279 281 281 282 282 282 283 284 284 285 286 286 288 288 290 294 295 297 297 298 299 299 300 303 305 305 307 308 308 309 309 315 316 316 317 317 318 320 321 322 323 327 328 329 332 336 337 338 340 340 342 342 342 347 347 350 350 355 355 355 356 356 357 357 359 0 0 0 0 0 0 0 0 0 0 0 0 0 0 0 0 0 0 0 0 0 0 0 0 0 0 0 0 0 
Bucket 3, com size 102: 360 360 361 362 367 367 368 368 368 371 371 372 373 374 377 378 379 379 381 381 384 384 388 389 390 390 390 394 398 398 405 405 405 407 408 408 408 410 410 411 411 412 412 412 413 414 414 415 417 418 418 419 419 421 422 422 422 423 424 425 427 427 428 428 429 429 431 432 437 437 439 440 442 443 445 446 447 450 450 451 457 458 458 458 459 460 462 462 464 466 467 468 468 471 471 472 472 473 476 477 478 478 0 0 0 0 0 0 0 0 0 0 0 0 0 0 0 0 0 
Bucket 4, com size 111: 481 481 481 481 481 482 483 483 484 486 490 492 492 496 497 497 498 498 499 500 500 501 503 504 504 506 508 509 512 514 514 517 518 519 522 523 524 524 524 525 525 526 527 528 534 539 540 540 543 543 543 543 544 544 545 546 546 549 551 553 554 554 555 557 559 559 563 563 564 567 567 567 567 568 570 573 573 573 574 575 576 576 576 579 579 580 581 582 583 584 584 584 585 586 586 586 587 588 588 590 590 590 590 591 593 594 596 596 596 597 598 0 0 0 0 0 0 0 0 
Bucket 5, com size 102: 600 601 603 603 604 604 605 605 605 606 606 607 610 610 611 613 614 614 615 616 616 617 618 620 621 621 621 621 622 622 626 626 627 628 632 633 635 639 640 641 641 643 645 647 649 650 651 651 651 652 653 654 656 657 657 657 658 660 662 665 666 668 669 670 674 675 676 677 680 681 683 684 685 686 687 688 688 690 690 690 692 693 693 697 698 698 698 699 700 700 701 704 704 705 708 709 710 711 711 713 717 717 0 0 0 0 0 0 0 0 0 0 0 0 0 0 0 0 0 
Bucket 6, com size 99: 720 720 725 725 725 726 726 728 729 729 729 731 732 732 734 736 737 739 739 740 741 743 743 744 746 747 752 753 755 755 755 758 759 760 761 762 762 763 763 763 764 770 772 774 775 776 777 777 777 778 779 779 779 782 783 787 788 790 793 793 794 794 795 795 796 796 799 799 799 799 802 805 806 810 815 817 818 818 819 821 822 823 824 825 826 827 828 829 830 830 831 831 831 832 833 833 836 837 838 0 0 0 0 0 0 0 0 0 0 0 0 0 0 0 0 0 0 0 0 
Bucket 7, com size 93: 842 843 843 844 844 846 848 849 850 856 857 859 859 865 866 869 869 871 872 872 873 875 876 882 882 883 884 884 885 886 887 887 890 890 891 891 892 892 892 894 897 897 899 899 899 901 902 902 903 904 905 905 905 908 911 913 913 914 916 916 918 920 921 921 924 924 924 926 927 928 928 930 930 931 932 932 932 935 937 938 939 939 942 945 946 949 950 951 952 952 954 954 955 0 0 0 0 0 0 0 0 0 0 0 0 0 0 0 0 0 0 0 0 0 0 0 0 0 0 
Bucket 8, com size 91: 960 963 963 963 964 965 967 968 969 969 970 970 970 970 971 971 972 973 973 975 976 977 979 980 981 982 983 987 987 991 993 995 996 996 996 997 997 1002 1005 1007 1011 1013 1019 1019 1021 1021 1024 1025 1026 1026 1026 1027 1028 1029 1030 1031 1033 1034 1034 1034 1035 1035 1036 1037 1039 1045 1048 1049 1052 1053 1053 1054 1055 1057 1058 1059 1059 1060 1060 1060 1061 1062 1065 1067 1068 1070 1072 1074 1074 1074 1078 0 0 0 0 0 0 0 0 0 0 0 0 0 0 0 0 0 0 0 0 0 0 0 0 0 0 0 0 
Bucket 9, com size 106: 1080 1081 1083 1083 1084 1085 1085 1086 1086 1087 1088 1089 1089 1090 1090 1091 1092 1092 1094 1094 1095 1097 1099 1099 1104 1106 1107 1110 1112 1112 1113 1114 1115 1115 1115 1121 1122 1122 1123 1124 1124 1125 1125 1126 1126 1127 1128 1128 1128 1128 1128 1129 1130 1131 1133 1134 1135 1135 1135 1135 1136 1136 1136 1136 1136 1138 1139 1146 1147 1148 1148 1149 1150 1150 1150 1151 1153 1154 1154 1156 1158 1158 1159 1165 1167 1169 1169 1170 1170 1171 1176 1176 1178 1181 1181 1182 1182 1184 1187 1189 1189 1189 1190 1193 1193 1195 0 0 0 0 0 0 0 0 0 0 0 0 0 
Ordenado: 0>2>3>4>4>4>4>9>11>12>13>14>14>17>18>18>18>21>22>25>28>29>29>29>30>30>33>36>36>36>37>40>40>40>41>42>42>43>44>46>47>49>50>53>55>55>56>57>60>60>61>62>62>67>67>69>71>73>78>81>81>82>85>88>89>90>91>91>91>92>98>98>100>103>103>104>106>106>107>108>109>110>110>114>115>117>119>120>121>121>121>122>122>124>125>126>127>127>129>129>129>130>130>132>133>133>133>134>135>136>136>137>138>138>139>140>140>142>143>143>148>149>150>150>151>152>154>154>155>156>157>159>163>164>165>166>166>167>168>168>168>169>172>172>172>176>176>177>177>178>179>182>182>183>183>186>186>188>189>189>190>193>193>193>193>195>195>196>196>197>197>199>200>201>202>202>204>206>206>209>211>211>212>213>215>217>217>218>218>220>221>224>225>226>227>228>228>231>232>234>234>236>237>238>239>239>241>241>244>247>248>249>251>252>253>256>257>257>257>258>259>259>261>262>263>269>270>270>273>273>275>279>281>281>282>282>282>283>284>284>285>286>286>288>288>290>294>295>297>297>298>299>299>300>303>305>305>307>308>308>309>309>315>316>316>317>317>318>320>321>322>323>327>328>329>332>336>337>338>340>340>342>342>342>347>347>350>350>355>355>355>356>356>357>357>359>360>360>361>362>367>367>368>368>368>371>371>372>373>374>377>378>379>379>381>381>384>384>388>389>390>390>390>394>398>398>405>405>405>407>408>408>408>410>410>411>411>412>412>412>413>414>414>415>417>418>418>419>419>421>422>422>422>423>424>425>427>427>428>428>429>429>431>432>437>437>439>440>442>443>445>446>447>450>450>451>457>458>458>458>459>460>462>462>464>466>467>468>468>471>471>472>472>473>476>477>478>478>481>481>481>481>481>482>483>483>484>486>490>492>492>496>497>497>498>498>499>500>500>501>503>504>504>506>508>509>512>514>514>517>518>519>522>523>524>524>524>525>525>526>527>528>534>539>540>540>543>543>543>543>544>544>545>546>546>549>551>553>554>554>555>557>559>559>563>563>564>567>567>567>567>568>570>573>573>573>574>575>576>576>576>579>579>580>581>582>583>584>584>584>585>586>586>586>587>588>588>590>590>590>590>591>593>594>596>596>596>597>598>600>601>603>603>604>604>605>605>605>606>606>607>610>610>611>613>614>614>615>616>616>617>618>620>621>621>621>621>622>622>626>626>627>628>632>633>635>639>640>641>641>643>645>647>649>650>651>651>651>652>653>654>656>657>657>657>658>660>662>665>666>668>669>670>674>675>676>677>680>681>683>684>685>686>687>688>688>690>690>690>692>693>693>697>698>698>698>699>700>700>701>704>704>705>708>709>710>711>711>713>717>717>720>720>725>725>725>726>726>728>729>729>729>731>732>732>734>736>737>739>739>740>741>743>743>744>746>747>752>753>755>755>755>758>759>760>761>762>762>763>763>763>764>770>772>774>775>776>777>777>777>778>779>779>779>782>783>787>788>790>793>793>794>794>795>795>796>796>799>799>799>799>802>805>806>810>815>817>818>818>819>821>822>823>824>825>826>827>828>829>830>830>831>831>831>832>833>833>836>837>838>842>843>843>844>844>846>848>849>850>856>857>859>859>865>866>869>869>871>872>872>873>875>876>882>882>883>884>884>885>886>887>887>890>890>891>891>892>892>892>894>897>897>899>899>899>901>902>902>903>904>905>905>905>908>911>913>913>914>916>916>918>920>921>921>924>924>924>926>927>928>928>930>930>931>932>932>932>935>937>938>939>939>942>945>946>949>950>951>952>952>954>954>955>960>963>963>963>964>965>967>968>969>969>970>970>970>970>971>971>972>973>973>975>976>977>979>980>981>982>983>987>987>991>993>995>996>996>996>997>997>1002>1005>1007>1011>1013>1019>1019>1021>1021>1024>1025>1026>1026>1026>1027>1028>1029>1030>1031>1033>1034>1034>1034>1035>1035>1036>1037>1039>1045>1048>1049>1052>1053>1053>1054>1055>1057>1058>1059>1059>1060>1060>1060>1061>1062>1065>1067>1068>1070>1072>1074>1074>1074>1078>1080>1081>1083>1083>1084>1085>1085>1086>1086>1087>1088>1089>1089>1090>1090>1091>1092>1092>1094>1094>1095>1097>1099>1099>1104>1106>1107>1110>1112>1112>1113>1114>1115>1115>1115>1121>1122>1122>1123>1124>1124>1125>1125>1126>1126>1127>1128>1128>1128>1128>1128>1129>1130>1131>1133>1134>1135>1135>1135>1135>1136>1136>1136>1136>1136>1138>1139>1146>1147>1148>1148>1149>1150>1150>1150>1151>1153>1154>1154>1156>1158>1158>1159>1165>1167>1169>1169>1170>1170>1171>1176>1176>1178>1181>1181>1182>1182>1184>1187>1189>1189>1189>1190>1193>1193>1195>
Elapsed Time: 0.003072