183>86>177>115>193>135>186>92>49>21>162>27>90>59>163>126>140>26>172>136>11>168>167>29>182>130>62>123>67>135>129>2>22>58>69>167>193>56>11>42>29>173>21>119>184>137>198>124>115>170>13>126>91>180>156>73>62>170>196>81>105>125>84>127>136>105>46>129>113>57>124>95>182>145>14>167>34>164>43>150>87>8>76>178>188>184>3>51>154>199>132>60>76>168>139>12>26>186>94>
Bucket 0, com size 17: 21 27 26 11 29 2 22 11 29 21 13 14 34 8 3 12 26 
Bucket 1, com size 17: 49 59 62 67 58 69 56 42 73 62 46 57 43 76 51 60 76 
Bucket 2, com size 15: 86 115 92 90 119 115 91 81 105 84 105 113 95 87 94 
Bucket 3, com size 22: 135 126 140 136 130 123 135 129 137 124 126 156 125 127 136 129 124 145 150 154 132 139 
Bucket 4, com size 28: 183 177 193 186 162 163 172 168 167 182 167 193 173 184 198 170 180 170 196 182 167 164 178 188 184 199 168 186 
Bucket 5, com size 0: 
Bucket 6, com size 0: 
Bucket 7, com size 0: 
2>3>8>11>11>12>13>14>21>21>22>26>26>27>29>29>34>42>43>46>49>51>56>57>58>59>60>62>62>67>69>73>76>76>81>84>86>87>90>91>92>94>95>105>105>113>115>115>119>123>124>124>125>126>126>127>129>129>130>132>135>135>136>136>137>139>140>145>150>154>156>162>163>164>167>167>167>168>168>170>170>172>173>177>178>180>182>182>183>184>184>186>186>188>193>193>196>198>199>
2, 15, 0.0002391
1, 17, 0.0002410
3, 22, 0.0003130
4, 28, 0.0002952
5, 0, 0.0002601
6, 0, 0.0004501
0, 17, 0.0085230
7, 0, 0.0007749
Elapsed time: 0.00871
